160
225
70
172
15
154
163
197
255
21
35
191
200
41
182
243
72
62
108
249
244
195
220
213
5
25
132
212
66
123
226
166
69
265
153
34
139
38
147
242
6
79
42
130
135
208
3
51
145
101
167
231
248
37
57
11
44
252
206
227
254
217
100
115
121
27
104
4
171
239
80
173
75
137
261
49
190
210
189
19
170
263
59
109
84
224
237
83
247
107
156
73
187
201
117
126
178
116
186
236
129
61
53
85
13
148
127
18
175
97
65
43
235
228
192
222
256
125
157
9
67
176
8
50
114
162
233
238
264
47
32
219
124
230
202
7
118
48
196
240
96
257
199
87
88
95
179
93
143
164
168
89
193
40
20
90
63
94
55
152
45
161
151
216
159
150
207
10
185
77
138
33
92
131
98
31
76
29
12
198
141
250
111
112
155
23
165
56
136
74
232
36
146
205
78
215
14
169
82
58
2
188
71
17
158
149
260
54
251
209
259
28
180
245
81
241
39
218
119
229
204
223
214
120
183
144
262
221
174
106
52
177
1
91
68
26
128
184
253
203
60
194
122
30
86
22
234
16
140
133
105
246
142
102
46
181
113
211
64
99
24
134
258