18
181
152
217
68
179
177
7
260
249
190
77
186
119
21
261
149
219
208
211
129
79
162
107
60
92
41
78
35
203
120
58
143
209
252
238
147
63
142
121
141
66
192
15
83
75
89
198
265
53
64
49
14
176
222
139
184
42
69
264
157
117
174
32
154
73
140
22
213
86
254
102
202
12
27
59
26
161
50
180
47
134
163
85
40
72
151
206
232
80
155
52
28
207
167
111
150
114
98
57
46
136
88
240
257
194
187
204
262
100
109
3
33
54
165
255
253
104
144
91
172
45
197
243
258
118
24
123
160
1
200
90
112
94
229
178
156
228
132
201
127
169
108
101
125
259
226
20
166
5
10
97
224
247
48
220
171
4
193
195
106
56
124
2
138
173
43
168
8
110
244
170
19
233
234
237
39
31
113
199
235
70
38
81
9
36
248
158
188
29
148
131
44
16
87
51
241
65
223
164
189
196
37
71
215
137
236
74
216
13
126
30
231
61
183
256
62
191
221
153
133
182
218
214
25
251
210
99
205
185
11
230
55
82
159
34
96
130
145
245
146
263
225
67
246
122
116
84
227
135
175
115
6
105
23
76
250
212
239
128
17
95
93
242